22
17
b [0,0]
w [0,1]
y [2,0]
a [2,1]
i [1,0] [1,1] [6,7] [10,15] [13,15]
p [10,16]
f [13,14]
g [13,16]
v [5,7]
r [10,14]
n [7,7]
F [14,6]
B [4,10]
R [4,13] [6,13] 
V [8,9] [8,10] [8,11] [13,6] [12,6] [14,7] [13,7] [12,7] [14,8] [13,8] [12,8]
V [8,9] [8,10] [8,11] [13,6] [12,6] [14,7] [13,7] [12,7] [14,8] [13,8] [12,8]
W [0,2] [1,2] [2,2] [3,2] [3,0] [3,1] [1,8] [1,9] [1,10] [1,11] [1,12] [1,13] [1,14] [1,15] [2,8] [3,8] [4,8] [5,8] [6,8] [7,8] [8,8] [2,15] [3,15] [4,15] [5,15] [6,15] [7,15] [8,15] [8,5] [8,6] [8,7] [8,12] [8,13] [8,14] [8,16] [8,17] [8,18]
W [9,18] [10,18] [11,18] [12,18] [13,18] [14,18] [15,18] [15,17] [15,16] [15,15] [15,14] [15,13] [15,12] [15,11] [15,10] [15,9] [15,8] [15,7] [15,6] [15,5]
W [14,5] [13,5] [12,5] [11,5] [10,5] [9,5] [14,12] [13,12] [11,12] [10,12] [9,12] [12,10]
B [4,10]