34
18
i [0,1] [3,9] [8,7] [12,9] [14,9] [15,27]
w [0,0]
a [0,2]
m [12,10]
b [3,8] [12,8]
y [3,10]
r [7,7]
p [9,7]
l [14,8] [10,12]
h [14,10]
R [5,12]
f [15,26]
L [0,3] [0,4] [1,0] [1,1] [1,2] [1,3] [2,0] [2,1] [3,0] [17,31] [17,32] [17,33] [16,32] [16,33] [15,33]
L [0,20] [0,21] [0,22] [0,23] [0,24] [0,25] [0,26] [0,27] [1,19] [1,20] [1,21] [1,22] [1,23] [1,24] [1,25] [1,26]
L [2,19] [2,20] [2,21] [2,22] [2,23] [2,24] [2,25] [3,18] [3,19] [3,20] [3,21] [3,22] [3,23] [3,24] [3,25]
L [4,18] [4,19] [4,20] [4,21] [4,22] [4,23] [4,24] [5,18] [5,19] [5,20] [5,21] [5,22] [5,23] [5,24]
L [6,17] [6,18] [6,19] [6,20] [6,21] [6,22] [6,23] [6,24] [7,17] [7,18] [7,19] [7,20] [7,21] [7,22] [7,23]
L [8,17] [8,18] [8,19] [8,20] [8,21] [8,22] [8,23] [9,16] [9,17] [9,18] [9,19] [9,20] [9,21] [9,22]
L [10,16] [10,17] [10,18] [10,19] [10,20] [10,21] [10,22] [11,15] [11,16] [11,17] [11,18] [11,19] [11,20] [11,21]
L [12,15] [12,16] [12,17] [12,18] [12,19] [12,20] [12,21] [13,14] [13,15] [13,16] [13,17] [13,18] [13,19] [13,20]
L [14,14] [14,15] [14,16] [14,17] [14,18] [14,19] [14,20] [15,13] [15,14] [15,15] [15,16] [15,17] [15,18] [15,19]
L [16,12] [16,13] [16,14] [16,15] [16,16] [16,17] [16,18] [16,19] [17,11] [17,12] [17,13] [17,14] [17,15] [17,16] [17,17] [17,18] [17,19]
W [0,6] [1,6] [2,6] [3,6] [4,6] [5,6] [6,6] [7,6] [4,7] [6,7] [6,8] [6,9] [6,10] [6,11] [6,12] [7,8]
W [0,12] [2,12] [3,12] [3,13] [3,14] [3,15] [3,16] [0,16] [1,16] [2,16] [3,16] [4,12] [4,11]
W [12,7] [13,7] [13,8] [13,9] [13,10] [13,11] [12,11] [14,7] [14,11] [15,7] [15,8] [15,9] [15,10] [15,11]
g [15,28]
F [13,28]
B [1,14]
B [1,14]