24
18
b [12,6]
i [4,11] [13,11] [13,6]
y [14,6]
W [2,10] [2,11] [2,12] [2,13] [2,14] [2,15] [2,16] [2,16] [3,9] [3,16] [4,9] [4,16] [5,9]
W [5,16] [6,5] [6,6] [6,7] [6,8] [6,9] [6,16] [7,5] [6,16] [7,5] [7,16] [8,5] [8,16] [2,9]
W [9,5] [9,16] [10,5] [10,6] [10,7] [10,8] [10,9] [10,10] [10,11] [10,12] [10,13] [10,14] [10,15] [10,16]
W [10,16] [10,10] [10,16] [11,9] [11,16] [12,9] [12,16] [13,9] [13,16] [14,9] [14,16] [15,9] [15,16]
W [16,9] [16,10] [16,11] [16,12] [16,13] [16,14] [16,15] [16,16]
g [6,14]
w [12,11]
f [8,7]
F [8,11]
a [14,11]
B [13,14]
B [13,14]