25
16
b [1,0]
f [0,0]
i [0,1] [1,1] [5,3] [7,16] 
p [5,4]
y [1,2]
g [0,2]
r [5,2]
s [6,16]
d [8,16]
F [10,19]
R [12,7] [11,7] [10,7]
S [15,4] [14,4] [13,4] [12,4] [11,4] [11,5] [11,6] [10,6] [9,6] [9,8] [10,8] [11,8] [11,9] [11,10] [12,10] [13,10] [14,10] [15,10]
S [4,14] [4,15] [4,16] [4,17] [4,18] [4,19] [4,20] [4,21] [4,22] [12,14] [12,15] [12,16] [12,17] [12,18] [12,19] [12,20] [12,21] [12,22]
S [5,14] [6,14] [7,14] [8,14] [9,14] [10,14] [11,14] [5,22] [6,22] [7,22] [8,22] [9,22] [10,22] [11,22]
B [14,7]

