24
14
r [0,0]
s [2,0]
d [2,2]
i [0,1] [2,1] [4,1] [11,8] [9,13]
a [0,2] [9,14]
y [12,8]
f [4,0]
b [10,8]
g [4,2]
w [9,12]
S [0,12] [1,12] [2,12] [3,12] [4,12] [5,12] [6,12] [7,12]
S [7,13] [7,14] [7,15] [7,16] [7,17] [7,18] [7,19] [7,20] [7,21] [7,22] [7,23]
R [0,4] [1,4] [2,4] [3,4] [4,4] [5,4] [6,4] [6,0] [6,1] [6,2] [6,3]
W [4,6] [5,6] [6,6] [7,6] [8,6] [4,7] [8,7] [4,8] [8,8] [4,9] [8,9]
W [1,10] [2,10] [3,10] [4,10] [5,10] [7,10] [8,10] [9,10] [10,10] [11,10]
W [1,11] [11,11] [11,12] [1,13] [6,13] [11,13] [1,14] [6,14] [11,14] [1,15] [2,15] [4,15] [5,15] [6,15] [8,15] [9,15] [10,15] [11,15]
W [1,16] [5,16] [1,17] [5,17] [1,18] [5,18] [1,19] [5,19] [2,19] [3,19] [4,19]
F [3,17]
B [6,8]
B [6,8]
