24
18
w [11,8] 
i [3,11] [12,12] [12,8]
y [13,8]
W [12,15]
F [0,10] [0,11] [0,12] [0,13] [0,14] [0,15] [0,16] [0,17] [1,9] [1,17] [2,9] [2,17] [3,9] [3,17] [4,5] [4,6] [4,7] [4,8] [4,9] [4,17] [5,5] [5,17] [6,5] [6,17] [7,5] [7,17] [8,5] [8,17] [9,5] [9,6] [9,7] [9,8] [9,9] [9,10] [9,11] [9,12] [9,13] [9,14] [9,15] [9,16] [9,17] [9,10] [9,17] [10,10] [10,17] [11,10] [11,17] [12,10] [12,17] [13,10] [13,17] [14,10] [14,14] [14,15] [14,16] [14,17] [15,10] [15,11] [15,12] [15,13] [15,14]
g [5,15]
f [11,12]
b [7,7]
F [7,11]
a [13,12]
W [0,11] [0,12] [0,13] [0,14] [0,15] [0,16] [0,17] [0,18] [1,10] [1,18] [2,10] [2,18] [3,10] [3,18]